1.055463367108184336e+00
3.368171741155403520e-01
1.168213815226381430e-01
4.438928784876609857e-02
1.834349079960509790e-02
8.094441352618149052e-03
3.736449726030546641e-03
1.774125514093181097e-03
8.565287312140685248e-04
4.174644986943056176e-04
2.045486580426619805e-04
1.005176740861534731e-04
4.947476955418219984e-05
2.437278315125550177e-05
1.201250748666518685e-05
5.922091083669989896e-06
2.919966958544156614e-06
1.439839987271178511e-06
7.100169547924357078e-07
3.501330511331694370e-07
1.726644315714219972e-07
8.514822290994985361e-08
4.199038801729991215e-08
2.070737528851877306e-08
1.021176220183295053e-08
5.035894093210105036e-09
2.483434002014827519e-09
1.224697224977479454e-09
6.039554239772839620e-10
2.978386539932023727e-10
1.468781681383960698e-10
7.243249429522066445e-11
3.571985094897912347e-11
1.761512937002146801e-11
8.686844296505118522e-12
4.283889283347231246e-12
2.112586202651415388e-12
1.041815082092617432e-12
5.137677526001106404e-13
2.533629126510727026e-13
1.249451044489848524e-13
6.161627589042827592e-14
3.038586802916622887e-14
1.498469296549687469e-14
7.389653080041727508e-15
3.644183619195423529e-15
1.797117416283268408e-15
8.862426665055404396e-16
4.370477169820238113e-16
2.155286741862773699e-16
