1.434372580452631052e+00
3.233020333093525323e-01
7.970398774607100056e-02
2.239724661319621168e-02
7.303968558063076745e-03
2.707746403104266137e-03
1.094388710558356469e-03
4.644612148557692951e-04
2.020841348785934000e-04
8.898603456099869399e-05
3.940516988785356761e-05
1.749503739969052331e-05
7.776723500763831152e-06
3.458733535923429192e-06
1.538675108488730070e-06
6.845841627937021808e-07
3.045998651028770230e-07
1.355323809393724567e-07
6.030609909875112369e-08
2.683376471529217736e-08
1.193996312629400325e-08
5.312816610074646699e-09
2.363996752703343187e-09
1.051886842897998490e-09
4.680488844825492559e-10
2.082636264204349408e-10
9.266924984580579997e-11
4.123422845626068368e-11
1.834763534638178286e-11
8.163987446756502411e-12
3.632658369050502499e-12
1.616392347239877510e-12
7.192320210975956390e-13
3.200304066658145484e-13
1.424011420384308930e-13
6.336299561499739237e-14
2.819408015883274300e-14
1.254527422970642823e-14
5.582161383247492368e-15
2.483845720555019165e-15
1.105215191742207512e-15
4.917779755600256151e-16
2.188221615599593051e-16
9.736739091506981884e-17
4.332471969942828082e-17
1.927782309244887469e-17
8.577884998726566667e-18
3.816826759874104948e-18
1.698340152269923578e-18
7.556956221160392872e-19
