7.539675346952468438e+00
1.521449308237068365e+00
4.088706937795061891e-01
1.581424870486889123e-01
7.833881373562344430e-02
4.305201774699408956e-02
2.447922761612998308e-02
1.406138779639820938e-02
8.101137581994688128e-03
4.671271168073888418e-03
2.694206928538981152e-03
1.554023278061615046e-03
8.963815627114930925e-04
5.170479806745773227e-04
2.982424829735783349e-04
1.720316583240780108e-04
9.923098571532015550e-05
5.723823750921734090e-05
3.301605690046134970e-05
1.904426244195785403e-05
1.098507715183894282e-05
6.336392413852735512e-06
3.654946457863024725e-06
2.108239631898487944e-06
1.216070986751155686e-06
7.014518759847880297e-07
4.046102075318447658e-07
2.333865310562485894e-07
1.346215984286174883e-07
7.765218790243034741e-08
4.479119514564127999e-08
2.583637649844166430e-08
1.490289215098526380e-08
8.596259404924450684e-09
4.958478864913944093e-09
2.860140846809900080e-09
1.649781291088033696e-09
9.516238724606459535e-10
5.489139678870740628e-10
3.166235661600557696e-10
1.826342350765898572e-10
1.053467504852421785e-10
6.076592284653432413e-11
3.505089015449271153e-11
2.021799131933003750e-11
1.166210533275458843e-11
6.726914590285336320e-12
3.880206756313458676e-12
2.238173871492841202e-12
1.291019420777636123e-12
