1.230933560520806713e+00
4.176049301798791524e-01
1.570502943719929434e-01
6.531363814657589750e-02
2.945534082332515111e-02
1.404438567754238108e-02
6.929023568525274901e-03
3.485844568307513557e-03
1.772470856919861407e-03
9.064196031240939581e-04
4.649314109962647697e-04
2.388556407427927292e-04
1.228121441431397011e-04
6.317344841893634145e-05
3.250316048716848699e-05
1.672505418259932175e-05
8.606687014442566898e-06
4.429128793777231740e-06
2.279333158563910633e-06
1.173008226217497113e-06
6.036653667843150050e-07
3.106651092071540912e-07
1.598781926920698369e-07
8.227847925025366854e-08
4.234317560367034640e-08
2.179117608416912752e-08
1.121444934150950436e-08
5.771321356343889548e-09
2.970110256431408538e-09
1.528515655703163069e-09
7.866240386555416030e-10
4.048224027090293211e-10
2.083348206710522460e-10
1.072158982657733922e-10
5.517680054394778445e-11
2.839578241923345676e-11
1.461339641584639053e-11
7.520530748844463918e-12
3.870310579203085056e-12
1.991788143685476153e-12
1.025039186953676466e-12
5.275186209572509561e-13
2.714782995608033934e-13
1.397115934955761553e-13
7.190014593676682891e-14
3.700216178476254164e-14
1.904252013549634341e-14
9.799902373816053214e-15
5.043349611972319767e-15
2.595472315779568839e-15
