4.511387979370550028e+00
1.231137004530559187e+00
4.571677117516189104e-01
2.239399457512879221e-01
1.274926074716214719e-01
7.701577324442177019e-02
4.747340045535528019e-02
2.945492519446322316e-02
1.831329507572940912e-02
1.139356385468145473e-02
7.089937067622181441e-03
4.412182091415144287e-03
2.745828293974648948e-03
1.708819250055999654e-03
1.063456580018431671e-03
6.618257734670561368e-04
4.118771287995955555e-04
2.563254361005619765e-04
1.595202207475300820e-04
9.927497393489427915e-05
6.178226448757311788e-05
3.844924915419798935e-05
2.392830326104524168e-05
1.489141425601942278e-05
9.267444336921404439e-06
5.767452510680660580e-06
3.589286026839098801e-06
2.233737366473755814e-06
1.390132350855345380e-06
8.651276474572183325e-07
5.383989847688660178e-07
3.350643892287382002e-07
2.085222077033149373e-07
1.297706127635693116e-07
8.076075983711416857e-08
5.026022602937919945e-08
3.127868442074033991e-08
1.946581176376666018e-08
1.211425079538009109e-08
7.539119052128853143e-09
4.691855653495979832e-09
2.919904742322134042e-09
1.817158142510750149e-09
1.130880630121876007e-09
7.037862966719118721e-10
4.379906580677606806e-10
2.725767998919412267e-10
1.696340103853010279e-10
1.055691368113801146e-10
6.569934072646061663e-11
