1.272819645848104031e+00
8.912270362863230488e-01
6.570062151390565486e-01
4.960855849503954529e-01
3.785534675357940526e-01
2.901798392562903728e-01
2.228662760669210541e-01
1.713072206018211585e-01
1.317214648102883745e-01
1.012979237121148651e-01
7.790604455012142826e-02
5.991740444892572348e-02
4.608287470781380346e-02
3.544280868798332235e-02
2.725947829000286565e-02
2.096560040032012517e-02
1.612490697633149964e-02
1.240187057951091208e-02
9.538436626229718218e-03
7.336133290594039173e-03
5.642313761974094427e-03
4.339575560286627887e-03
3.337622981346314265e-03
2.567008459688728452e-03
1.974318990255199101e-03
1.518473950148713615e-03
1.167877708112143465e-03
8.982296607768185245e-04
6.908399037877319951e-04
5.313337930244755583e-04
4.086556061143042646e-04
3.143022457844933172e-04
2.417338713263093332e-04
1.859206077276339048e-04
1.429939138779378206e-04
1.099784454022765807e-04
8.458582694244170532e-05
6.505603978457955656e-05
5.003543105788596415e-05
3.848288905132346815e-05
2.959768145143347771e-05
2.276395480942726792e-05
1.750804837250349803e-05
1.346566360635092829e-05
1.035661385561253277e-05
7.965403985264995481e-06
6.126293934777854414e-06
4.711810906857273471e-06
3.623913945092841819e-06
2.787198497784738463e-06
