1.070209547698389274e+00
9.542860922995830553e-01
8.582128736476448694e-01
7.744929364429449237e-01
6.999171646254814805e-01
6.328771902753075329e-01
5.723872134189080807e-01
5.177254905458720247e-01
4.683007534569787467e-01
4.236004841815925737e-01
3.831691681723395915e-01
3.465976971050804822e-01
3.135170711695250412e-01
2.835938938941721110e-01
2.565267286972255367e-01
2.320429596245092707e-01
2.098960083980068447e-01
1.898628376203312096e-01
1.717416997251544897e-01
1.553501034724947272e-01
1.405229755057899876e-01
1.271109977302093685e-01
1.149791035054110455e-01
1.040051174131433470e-01
9.407852486677721615e-02
8.509935915948153851e-02
7.697719473841672932e-02
6.963023656497166480e-02
6.298449638976309772e-02
5.697304764678050998e-02
5.153535146293714009e-02
4.661664699551328062e-02
4.216739995781663281e-02
3.814280377937989686e-02
3.450232837708046979e-02
3.120931199303793313e-02
2.823059198885294330e-02
2.553617087806590510e-02
2.309891423358270690e-02
2.089427742781541086e-02
1.890005845364806786e-02
1.709617433698745748e-02
1.546445888923972216e-02
1.398847976296001966e-02
1.265337296831614208e-02
1.144569318384845366e-02
1.035327835406628372e-02
9.365127210297655158e-03
8.471288481354390804e-03
7.662760678298006535e-03
