3.597860803812074515e+00
8.827643656164557706e-01
2.683493756898802651e-01
1.040271944502199480e-01
4.818827217130057516e-02
2.448068855744168354e-02
1.293270652432413140e-02
6.936033033785172879e-03
3.740851285313274207e-03
2.021730519495858018e-03
1.093457531119757051e-03
5.915604903747251819e-04
3.200659914678612270e-04
1.731791420469216459e-04
9.370382917780776199e-05
5.070154182086482775e-05
2.743378607337923657e-05
1.484398829120687898e-05
8.031849426069858462e-06
4.345908209897357502e-06
2.351503089701826025e-06
1.272361627249292297e-06
6.884550243940179828e-07
3.725122725749680571e-07
2.015605789421030702e-07
1.090612846402853181e-07
5.901135961530708340e-08
3.193012603162933109e-08
1.727689304316097619e-08
9.348257283110877410e-09
5.058196170632400946e-09
2.736911033336210541e-09
1.480899860683368564e-09
8.012918106069638635e-10
4.335664975007269296e-10
2.345960675832406886e-10
1.269362721584094008e-10
6.868323649012835515e-11
3.716342771490758672e-11
2.010855093760274136e-11
1.088042319217946374e-11
5.887227240205580322e-12
3.185486811094888093e-12
1.723617215649581551e-12
9.326223846654348882e-13
5.046274221920240052e-13
2.730460252887023010e-13
1.477409444023209966e-13
7.994032006073243573e-14
4.325446000947568082e-14
