4.269739286566178738e-01
1.681076314258819204e-01
6.690851711826512060e-02
2.701621600924504138e-02
1.111283240671740238e-02
4.677708547945765190e-03
2.023551978019174497e-03
9.026868435824406470e-04
4.159775233103408533e-04
1.979706312148368590e-04
9.708781802734036510e-05
4.888377167947898329e-05
2.515868644215208470e-05
1.317654614976021162e-05
6.994487872403462714e-06
3.750454596753159640e-06
2.025911975391411256e-06
1.100210939904647752e-06
5.997755105193714396e-07
3.278513029524745457e-07
1.795535817587256958e-07
9.846765153638910296e-08
5.405066643023717529e-08
2.968887726372886893e-08
1.631494709873407504e-08
8.968431744576979870e-09
4.931104481950200058e-09
2.711685973616169156e-09
1.491356938313440898e-09
8.202694657393531565e-10
4.511846237346104936e-10
2.481806452196004715e-10
1.365188367367902807e-10
7.509740704291528076e-11
4.131071011256545859e-11
2.272501124230791443e-11
1.250109766625684308e-11
6.876920376816796352e-12
3.783041461992784440e-12
2.081081466875051853e-12
1.144821221436077249e-12
6.297768394406719019e-13
3.464463530628473210e-13
1.905835921863355256e-13
1.048419683198455571e-13
5.767464404865038245e-14
3.172741937418431709e-14
1.745358412786458898e-14
9.601399309110575408e-15
5.281830538558002479e-15
