1.658651215865024175e+00
8.520279657472720203e-01
5.026145532699591856e-01
3.205839089669165198e-01
2.122605656167615706e-01
1.428638694781687035e-01
9.682490764044490716e-02
6.581178718406699435e-02
4.478546539763601786e-02
3.049181223781445571e-02
2.076427865953058699e-02
1.414120454950701031e-02
9.630985480789465425e-03
6.559354744625231146e-03
4.467391388033807587e-03
3.042621362182214035e-03
2.072250428952247727e-03
1.411356536935469289e-03
9.612388406899194816e-04
6.546752338723137296e-04
4.458826001675114301e-04
3.036792673661602485e-04
2.068282050538030855e-04
1.408654165251560552e-04
9.593984332665575921e-05
6.534218098073925069e-05
4.450289335316757311e-05
3.030978591753881582e-05
2.064322234280530210e-05
1.405957237236125889e-05
9.575616248850980889e-06
6.521708066004421508e-06
4.441769071867088690e-06
3.025175657684339051e-06
2.060370003882251231e-06
1.403265473895626785e-06
9.557283335115437212e-07
6.509221985922660175e-07
4.433265121098066909e-07
3.019383833651631297e-07
2.056425340214877312e-07
1.400578864053689045e-07
9.538985520519542483e-08
6.496759810962974130e-08
4.424777451496189351e-08
3.013603098306193438e-08
2.052488228769505049e-08
1.397897397837541160e-08
9.520722737847300489e-09
6.484321495353167596e-09
